2023 9 1 484077 M
2023 10 1 374231 M
2023 11 1 388115 M
2023 2 2 410573 M
2023 12 2 408443 F
2023 20 3 285635 M
2023 13 4 186387 M
2023 14 5 207534 M
2023 15 5 251308 M
2023 16 5 308947 F
2023 17 5 505344 F
2023 18 5 549039 M
2023 21 5 384696 F
2023 22 5 371885 M
2023 23 5 545839 M
2023 18 6 517970 M
2023 19 6 614009 M
2023 19 6 594791 M
2023 24 6 499728 M
2023 7 7 878667 F
2023 5 8 215911 M
2023 8 9 636189 M
2023 6 10 858276 M
2023 7 10 892423 F
2023 7 10 892423 F
2024 3 1 576776 F
2024 23 1 525570 M
2024 27 2 216993 M
2024 28 2 232090 M
2024 27 3 210560 M
2024 27 3 209487 M
2024 29 3 209488 F
2024 29 3 206281 F
2024 20 4 367818 M
2024 20 4 337864 M
2024 30 5 640464 F
2024 30 5 686397 F
2024 31 5 719529 M
2024 31 5 719529 M
2024 32 5 632970 M
2024 33 5 845474 M
2024 34 5 785729 F
2024 35 5 892423 M
2024 36 6 219291 F
2024 37 6 219292 F
2024 38 6 219292 F
2024 38 6 219292 F
2024 21 7 217203 F
2024 37 7 217203 F
2024 37 7 217203 F
2024 39 7 217203 M
2024 11 8 429748 M
2024 23 9 590642 M
2024 45 9 470221 F
2024 41 10 415658 F
2024 41 10 415658 F
2024 46 10 416724 F
2024 3 11 434865 F
2024 44 11 434865 M
2024 17 12 513826 F
2024 23 12 514890 M
2024 43 12 513826 M
2024 43 12 514882 M
2024 43 12 513816 M
2024 47 12 513816 M
