470221 904150 -3922650 /6.03217283887526 7.41247032779486 46.1496543884277 0.640027344226837
878667 882650 -3960950 /6.47307477188202 9.33616175986629 6.96883773803711 0.516014516353607
879734 882650 -3961050 /6.47307477188202 9.33616175986629 8.32000160217285 0.543153047561646
885068 882550 -3961550 /6.47307477188202 9.33616175986629 13.9415531158447 0.691763162612915
208458 869350 -3898150 /6.51977220786587 7.50229278721834 0 0.174078777432442
215911 867750 -3898850 /6.85010204920926 7.55056464757772 4.61685991287231 0.624628603458405
206281 865050 -3897950 /6.37503781700859 7.37712317762954 41.057056427002 0.912685215473175
251021 857650 -3902150 /6.57450116187786 8.21416889644377 3.11829876899719 0.152172520756721
143118 844050 -3892050 /6.49634433724832 9.68768327471753 2.23435592651367 0.336863666772842
632976 854550 -3937950 /6.80794978086541 10.0863136207147 72.1667633056641 0
634053 855550 -3938050 /6.70152110134565 9.97961120250418 76.9891357421875 0
639396 856350 -3938550 /6.70152110134565 9.97961120250418 80.2912216186523 0.0137482536956668
687466 861850 -3943050 /7.23920761272884 9.85795191087711 26.6798458099365 0.883924543857574
761174 870350 -3949950 /6.73133968510472 9.46376061099438 63.6189155578613 0.722547650337219
782528 871750 -3951950 /6.53756207530154 9.24368891595358 45.7236862182617 0.70774382352829
858276 870850 -3959050 /6.90689926084767 8.13416539165333 3.99148607254028 0.283957242965698
890289 871150 -3962050 /6.87826442548183 7.33826370672252 0.254288226366043 0.0142537103965878
215909 867550 -3898850 /6.84097257488201 7.64364549829971 6.33528900146484 0.646022260189056
166619 846750 -3894250 /6.42990660219489 9.51931802553272 6.18147468566895 0.320823132991791
131348 840750 -3890950 /6.87504108196155 9.826924842212 0 0.161167249083519
634008 851050 -3938050 /6.74335117234429 10.1833664073584 80.4441070556641 0.167313694953918
632975 854450 -3937950 /6.80794978086541 10.0863136207147 71.3127593994141 0
635121 855650 -3938150 /6.70152110134565 9.97961120250418 77.2601699829102 0
636190 855850 -3938250 /6.70152110134565 9.97961120250418 77.7628631591797 0
638325 855950 -3938450 /6.70152110134565 9.97961120250418 79.1413650512695 0.0026214518584311
636189 855750 -3938250 /6.70152110134565 9.97961120250418 77.700798034668 0
647947 857850 -3939350 /7.10923220120273 9.86138299760553 89.6703109741211 0.297804713249207
688533 861850 -3943150 /7.23920761272884 9.85795191087711 26.3378658294678 0.870151460170746
809195 870950 -3954450 /6.85584206077922 8.98793275584992 30.5007381439209 0.692649960517883
878548 870750 -3960950 /7.09804982929007 7.72071815017713 0.25431427359581 0.0487732365727425
892423 871150 -3962250 /6.87826442548183 7.33826370672252 0.217300847172737 0.0125383976846933
754765 869650 -3949350 /6.73133968510472 9.46376061099438 53.1104583740234 0.742328345775604
705956 896950 -3944750 /6.38458025647605 8.37353773186517 0 0.683725655078888
693146 896350 -3943550 /6.38458025647605 8.37353773186517 0.018493689596653 0.550607860088348
693147 896450 -3943550 /6.38458025647605 8.37353773186517 0.018493689596653 0.548958539962769
643064 903050 -3938850 /6.74576728617797 8.53189955977991 0 0.642641246318817
664405 903150 -3940850 /6.70888444933443 8.45179398749748 0 0.628233850002289
559855 904750 -3931050 /6.88114745158016 8.61624644594613 0 0
484077 902650 -3923950 /5.94873601026193 7.7375735866169 43.562370300293 0.792598247528076
436118 908250 -3919450 /5.9314442053012 8.13193030332079 25.0760307312012 0.674077987670898
374231 908150 -3913650 /6.10980257738087 8.58008977082253 77.4667282104492 0
388115 909450 -3914950 /6.09635682877173 8.5771942732838 71.4504699707031 0.0100060105323792
408443 914950 -3916850 /6.92244645482599 8.25213133664341 84.4427490234375 0.123363554477692
334926 925550 -3909950 /7.02384493289189 9.1486500824399 21.490119934082 0.999348700046539
704888 896850 -3944650 /6.38458025647605 8.37353773186517 0 0.6913081407547
692077 896150 -3943450 /6.38458025647605 8.37353773186517 0.018493689596653 0.535129487514496
657959 898750 -3940250 /6.21105167196472 7.66311577735218 0.0964242815971375 0.130629077553749
711347 902550 -3945250 /6.88995558831616 8.6136124860389 0 0.692333042621613
517152 902450 -3927050 /5.80889827043115 7.6267063066168 1.03206920623779 0.336658954620361
548116 904550 -3929950 /6.07421364404176 8.37385877182094 0 0
564082 900650 -3931450 /6.87626278524356 8.0952778431728 0.543297588825226 0.10146939009428
493696 904250 -3924850 /5.56903650079041 7.74717350876922 8.54169940948486 0.679128050804138
484079 902850 -3923950 /5.94873601026193 7.7375735866169 41.0803375244141 0.779809534549713
385980 909350 -3914750 /6.09635682877173 8.5771942732838 71.2735214233398 0.00859207753092051
410573 914550 -3917050 /6.92244645482599 8.25213133664341 83.8683013916016 0.0667547136545181
362592 917950 -3912550 /6.59201526961426 8.65371449456583 59.8092193603516 0.523475468158722
406410 925050 -3916650 /6.73115072297555 8.7108637594626 83.9279327392578 0.430342137813568
511016 929050 -3926450 /6.23040178631782 8.25696547590946 27.5540924072266 0.833870232105255
283504 904950 -3905150 /5.67717301754773 7.94636950426582 0.65707141160965 0
285635 904650 -3905350 /5.67717301754773 7.94636950426582 0.657487571239471 0
305876 901450 -3907250 /5.57158064791592 7.635597047918 2.45605611801147 0.555234611034393
304809 901450 -3907150 /5.57158064791592 7.635597047918 2.04940390586853 0.556614518165588
279157 897050 -3904750 /6.42363687837535 8.26821443316578 0.400956481695175 0.0265666730701923
243517 854150 -3901450 /7.48018854308174 8.82832043332829 11.2120027542114 0.305532276630402
287682 895950 -3905550 /5.84583441498296 7.97877487171896 3.3549382686615 0.150160789489746
226912 900850 -3899850 /5.77498788960971 7.90452362995176 0 0.171556502580643
194903 900950 -3896850 /5.68881609526336 8.48458676648837 0 0.132102787494659
186387 902950 -3896050 /5.68881609526336 8.48458676648837 0 0.435065060853958
207534 883650 -3898050 /6.70727509678394 7.66915075051233 37.6248588562012 0.953391909599304
251308 886350 -3902150 /6.76047565365702 8.35430263956661 96.0174713134766 0.0851834565401077
308947 888450 -3907550 /6.66179573295002 9.06332381905798 50.4933776855469 0.654152870178223
505344 895350 -3925950 /6.77609204818026 8.45444213431257 64.5737380981445 0.680692374706268
549039 890150 -3930050 /6.78582706726221 7.92422747428326 52.1634864807129 1.04257726669312
614131 890650 -3936150 /6.66602102591052 7.77225413413801 23.9735069274902 0.955918073654175
614009 878450 -3936150 /6.99667333523131 7.79599279437804 88.1581268310547 0.397614151239395
594791 877250 -3934350 /7.02098379622143 7.40594377232006 46.5961036682129 0.691632390022278
519039 877750 -3927250 /6.74082686890561 8.78479394686256 55.5889015197754 0.686094105243683
512533 867350 -3926650 /6.71466143130395 9.43154579633513 25.124568939209 0.930575668811798
257894 904750 -3902750 /5.71023247415491 7.23870070910361 0.520629584789276 0.822156369686127
370957 900850 -3913350 /8.19892303719643 8.72186881807229 94.541633605957 0.0335279330611229
255686 897350 -3902550 /6.64599561076223 8.57407026685612 0 0
278090 897050 -3904650 /6.42363687837535 8.26821443316578 0.226991593837738 0.0189213901758194
278091 897150 -3904650 /6.42363687837535 8.26821443316578 0.233008071780205 0.0186362396925688
283385 893050 -3905150 /6.5242484249402 8.57701473349751 5.01435565948486 0.311441242694855
207631 893350 -3898050 /6.42538032227514 8.32863327112042 6.84111261367798 0.356118679046631
357123 904550 -3912050 /7.04162342215081 8.61261558083392 80.8683395385742 0.1594078540802
214145 904550 -3898650 /5.96550856164855 7.79395279631068 0 0.667455911636353
179060 917150 -3895350 /6.54421548229748 9.62749091008316 31.3491744995117 0.28359454870224
106175 884250 -3888550 /6.81879778456935 9.30742348205133 0 0.126172184944153
225681 884450 -3899750 /6.3047925263703 7.82021602958257 79.2719345092773 0.474005609750748
384696 887650 -3914650 /6.58264966655599 8.08912930677532 72.3492050170898 0.689218103885651
249170 885950 -3901950 /7.03945759202309 7.66512961476647 97.9980545043945 0.0832570493221283
268388 887150 -3903750 /6.75256894749289 8.36641753893805 64.5176086425781 0.00278075761161745
371885 886950 -3913450 /6.78974105357856 8.52214361314631 68.9537353515625 0.66737574338913
525570 890650 -3927850 /6.98542644931874 7.53734926010728 42.8794898986816 1.04426467418671
545839 890250 -3929750 /6.96782367995997 7.58189520189075 50.6212272644043 1.05260014533997
576778 889850 -3932650 /6.69076486213073 7.22231596617703 32.7012672424316 1.0223742723465
653522 881850 -3939850 /6.59411374975808 8.80956089996879 63.2158737182617 0.544340550899506
568117 877350 -3931850 /6.71976563812543 7.56666560027644 26.4246215820312 0.574078381061554
517971 877650 -3927150 /6.74082686890561 8.78479394686256 58.2149276733398 0.678341448307037
517970 877550 -3927150 /6.74082686890561 8.78479394686256 58.5947189331055 0.67631983757019
500881 875850 -3925550 /6.77536455808883 9.15818589273064 88.0943908691406 0.372665375471115
499728 867250 -3925450 /7.35009005017837 9.54162380729813 26.7072868347168 0.876918435096741
511464 867150 -3926550 /6.71466143130395 9.43154579633513 25.8799266815186 0.939672112464905
606221 846550 -3935450 /6.74172303312562 10.3420998414823 26.9938697814941 1.09444284439087
499810 875450 -3925450 /6.77536455808883 9.15818589273064 88.4142227172852 0.365788012742996
705955 896850 -3944750 /6.38458025647605 8.37353773186517 0 0.678512752056122
719836 897850 -3946050 /6.47418226625483 8.61984064528238 0 0.678534030914307
651600 903050 -3939650 /6.74576728617797 8.53189955977991 0 0.632887899875641
664404 903050 -3940850 /6.70888444933443 8.45179398749748 0 0.620639383792877
696367 898350 -3943850 /5.94009270702684 8.05751760633448 0 0.493129998445511
719835 897750 -3946050 /6.47418226625483 8.61984064528238 0 0.666427195072174
718767 897650 -3945950 /6.47418226625483 8.61984064528238 0 0.64373117685318
707022 896850 -3944850 /6.38458025647605 8.37353773186517 0 0.65410840511322
717699 897550 -3945850 /6.47418226625483 8.61984064528238 0 0.615882694721222
703821 896850 -3944550 /6.38458025647605 8.37353773186517 0 0.695057034492493
210557 865850 -3898350 /6.84097257488201 7.64364549829971 27.372579574585 0.741896212100983
204146 864950 -3897750 /6.37503781700859 7.37712317762954 43.9429931640625 0.929327726364136
142265 865450 -3891950 /6.4380656629291 8.34414162116057 90.5071640014648 0.16860269010067
210560 866150 -3898350 /6.84097257488201 7.64364549829971 23.1520366668701 0.709735453128815
209487 865550 -3898250 /6.84097257488201 7.64364549829971 33.7510452270508 0.782343924045563
208413 864850 -3898150 /6.98535144914645 7.44886146073104 41.8579177856445 0.943218529224396
186002 864450 -3896050 /6.37503781700859 7.37712317762954 66.3621139526367 0.869011521339417
367818 907050 -3913050 /6.49720186897672 8.88978302600199 84.3956298828125 0
320684 888450 -3908650 /6.66179573295002 9.06332381905798 57.4764099121094 0.62993311882019
546906 890250 -3929850 /6.8178449286362 7.87582370938559 50.5736618041992 1.0544741153717
305746 888450 -3907250 /6.68287843011059 9.02573159210561 51.7742195129395 0.643679618835449
279064 887750 -3904750 /6.77271577428163 8.86203135430032 54.2635345458984 0
576776 889650 -3932650 /6.69076486213073 7.22231596617703 36.648365020752 1.02271568775177
590644 889350 -3933950 /6.69076486213073 7.22231596617703 39.8226051330566 1.03441202640533
589577 889350 -3933850 /6.69076486213073 7.22231596617703 39.5868301391602 1.03451895713806
280131 887750 -3904850 /6.75957604321644 8.86746555359576 53.666316986084 0
598182 896250 -3934650 /6.60044057943176 7.87594471276803 0.980165541172028 0.0486500598490238
614132 890750 -3936150 /6.66602102591052 7.77225413413801 21.9942073822021 0.939640045166016
641997 903050 -3938750 /6.74576728617797 8.53189955977991 0 0.642266392707825
282362 897450 -3905050 /6.42363687837535 8.26821443316578 0.847632646560669 0.0605115927755833
282363 897550 -3905050 /6.39753788898703 8.25465878552239 0.768532037734985 0.0606248527765274
290906 898250 -3905850 /5.40552129773256 7.01237677651614 1.81792974472046 0.213029608130455
337864 899250 -3910250 /6.10119105960276 7.42012655819301 53.5404624938965 0.428476244211197
280234 898050 -3904850 /5.3242940188786 7.83964346227372 0.303905785083771 0.0342400148510933
287666 894350 -3905550 /6.5242484249402 8.57701473349751 0.853799521923065 0.117874279618263
232090 885150 -3900350 /6.3047925263703 7.82021602958257 87.443244934082 0.215547114610672
188181 868950 -3896250 /6.51977220786587 7.50229278721834 0.857236742973328 0.593119859695435
216992 869150 -3898950 /6.85862658095408 7.45416998725852 9.1277041747162e-07 0.317974746227264
215926 869250 -3898850 /6.85862658095408 7.45416998725852 0 0.283349305391312
211660 869450 -3898450 /6.81664322052279 7.46119747355269 0 0.117327861487865
216993 869250 -3898950 /6.85862658095408 7.45416998725852 0.00187262531835586 0.324125647544861
210556 865750 -3898350 /6.84097257488201 7.64364549829971 29.2807636260986 0.748333990573883
209488 865650 -3898250 /6.84097257488201 7.64364549829971 32.0327911376953 0.759261071681976
393853 843050 -3915550 /6.66499343244161 10.0989698470052 0.677787959575653 0.046244639903307
393852 842950 -3915550 /6.66499343244161 10.0989698470052 0.693418204784393 0.0431212708353996
471731 841750 -3922850 /6.39402321392498 10.3208384496944 12.8341760635376 0.377680361270905
635058 849350 -3938150 /6.4736813841437 10.2722664568652 68.8082580566406 0.599812150001526
632953 852250 -3937950 /6.74335117234429 10.1833664073584 74.2030792236328 0
632954 852350 -3937950 /6.74783758477484 10.1771145508688 73.7492828369141 0
142583 897250 -3891950 /6.59543183570979 9.22376981155855 8.33589172363281 0.659889936447144
632955 852450 -3937950 /6.79364874239913 10.1091839237466 73.3832015991211 0
632956 852550 -3937950 /6.80794978086541 10.0863136207147 73.1125335693359 0
640464 856450 -3938650 /6.70152110134565 9.97961120250418 82.127571105957 0.0451496839523315
686397 861650 -3942950 /7.23920761272884 9.85795191087711 29.0213375091553 0.904979109764099
719529 867150 -3946050 /6.70186221005576 9.61668907397526 6.5214695930481 0.325785398483276
743021 868950 -3948250 /6.7026226854911 9.61660015122874 31.8052806854248 0.676447629928589
761173 870250 -3949950 /6.73133968510472 9.46376061099438 63.4446907043457 0.723265051841736
632970 853950 -3937950 /6.80794978086541 10.0863136207147 69.6872863769531 0
632977 854650 -3937950 /6.80794978086541 10.0863136207147 72.9170379638672 0
637258 855950 -3938350 /6.70152110134565 9.97961120250418 78.4953994750977 1.46978220527672e-06
687465 861750 -3943050 /7.23920761272884 9.85795191087711 27.6919574737549 0.889850735664368
217055 875450 -3898950 /8.64743072529787 8.86677113612662 0 0.00396912870928645
845474 871050 -3957850 /6.75205273645892 8.63527123563665 15.8859262466431 0.506710946559906
854010 871050 -3958650 /6.90689926084767 8.13416539165333 6.60913896560669 0.349929571151733
662900 859350 -3940750 /7.03058480445353 9.90805104970656 71.9539794921875 0.701751351356506
785729 871750 -3952250 /6.53756207530154 9.24368891595358 44.5687370300293 0.701683223247528
786796 871750 -3952350 /6.53756207530154 9.24368891595358 44.3077926635742 0.699790000915527
219291 885650 -3899150 /7.78005034542922 7.41491013563267 72.3791580200195 0.523369014263153
219292 885750 -3899150 /7.78005034542922 7.41491013563267 72.4304656982422 0.522513091564178
217203 890250 -3898950 /7.95478991608812 7.34471708272795 43.6799812316895 0.686046183109283
316526 899450 -3908250 /6.10119105960276 7.42012655819301 11.799919128418 0.692288041114807
429748 911450 -3918850 /6.07047656774387 7.52398634903718 46.9127655029297 0.631093621253967
434865 889650 -3919350 /7.67760135423316 7.13709017120379 79.2670745849609 0.603648900985718
619470 891050 -3936650 /6.66602102591052 7.77225413413801 20.1952877044678 0.882545948028564
590642 889150 -3933950 /6.69076486213073 7.22231596617703 44.6634178161621 1.02384698390961
416724 889450 -3917650 /7.67760135423316 7.13709017120379 77.0420379638672 0.625113546848297
415658 889550 -3917550 /7.67760135423316 7.13709017120379 77.3583831787109 0.644583642482758
513826 889950 -3926750 /6.96218890104707 7.14808890262023 45.2524337768555 0.871901631355286
514890 889650 -3926850 /6.96218890104707 7.14808890262023 44.9797897338867 0.840900838375092
514882 888850 -3926850 /6.96218890104707 7.14808890262023 49.0519027709961 0.825433194637299
513816 888950 -3926750 /6.96218890104707 7.14808890262023 49.4737815856934 0.815725266933441
